440
440
448
456
464
656
2120
4624
7208
8328
9416
10544
10488
10720
10952
11240
11224
11360
11608
11448
11488
12520
11752
11848
12024
12224
12008
12216
12272
11704
11664
12240
12328
12992
12848
12624
12616
12536
12848
13432
13048
12952
12880
14016
13112
13232
13208
13544
14136
14504
13112
12888
13768
12392
13888
13736
13832
14024
14016
13984
14400
14104
14128
14680
14088
14336
14216
14336
14544
13800
14592
14800
14696
15968
14568
14744
15176
15008
14768
14840
15128
14880
15312
15384
15560
15736
14784
15608
15520
15728
15760
15688
15880
15504
16000
16104
16080
16136
16112
16352
15824
16672
16600
17376
16552
16664
16864
16672
16768
16808
16976
18200
16872
17112
17064
16632
17512
16992
17744
17528
17632
17728
17808
17584
17784
17832
18296
18168
18288
17952
18216
18320
18280
18312
18384
18448
18880
18648
18432
18696
18672
18840
18648
18920
18600
18928
18656
18992
19120
18912
19448
19256
19568
19520
18728
19400
19928
19736
19856
20168
19896
19960
19376
19232
19800
19616
21328
20136
20080
20224
21648
20728
20344
21168
20648
20768
20368
21120
19592
20568
20904
20944
22312
19992
21368
21088
21096
21040
21608
20832
21168
20408
21152
21448
21576
22544
21520
21640
22032
22008
21664
20968
21680
21232
21896
22504
22128
21896
22176
21960
21952
22160
22304
22248
22256
22408
22344
21792
22440
23616
22320
22608
22736
23000
22616
22632
22696
22928
22624
22840
23112
22864
22960
22880
22872
23024
23136
23656
23264
23384
23256
23240
23288
23192
23576
23384
23200
23392
23512
23232
23840
24272
23672
23720
23688
24136
23960
23832
23688
24144
23776
24104
24104
22840
24728
23952
24432
24144
24256
24328
24296
24264
24296
24216
25184
24528
23592
23976
24424
24688
24544
24680
24976
25512
24808
25056
24712
24936
24720
24696
25040
23960
25008
24792
25280
25824
25200
25280
25456
25128
25216
25192
25408
25360
25280
25336
25624
25520
25224
26240
25488
24504
25552
25480
25040
25672
25888
25600
25736
25760
25664
25664
25808
26120
26088
24752
26288
26096
25976
26600
25200
27168
26360
25608
26456
26312
26408
26256
27344
26072
26592
26632
27792
26624
26968
26448
26656
26864
26696
26056
25576
26600
26616
26752
26696
27384
25976
27008
26624
26960
26720
26480
27224
25624
27016
27064
27024
26800
27392
27184
27176
27200
27144
27648
27384
25536
27512
27224
27248
27200
27624
27232
27552
27368
27496
27384
27816
27376
27432
27376
27368
27760
27048
28160
27296
27120
26672
27488
27104
27368
27408
27600
27824
27744
27560
26920
27608
27528
27592
26800
28312
28168
27696
27512
27384
27568
27528
27256
27272
27520
26752
27504
27408
27576
27352
27440
27504
27296
27080
27096
27136
27440
27064
27456
28040
26136
27480
27240
26408
27016
26936
26992
27176
27120
26568
26696
26848
28224
26768
26608
26648
26576
27096
25872
26616
26832
26296
26704
26520
26544
26464
26496
26488
26200
26312
26168
26688
25504
26216
25864
25984
26808
25664
26240
25640
26232
25920
25728
25696
26704
25456
25432
25552
25688
25240
25200
26528
24920
24296
25232
25040
24760
24720
24696
24656
24528
24256
24768
25232
24224
24280
24096
23128
23632
23952
24456
23648
23648
23320
23368
23440
23504
23408
24280
23064
23112
23048
22880
22256
22600
22632
22448
22808
22312
21968
21824
21928
22128
22208
21472
21768
21856
21672
22312
21600
21024
21336
22016
21040
21040
20960
20904
20656
21000
20704
20944
20304
20472
20304
20344
20176
19704
20240
19816
19848
19744
19568
19592
19584
19480
19408
19232
19200
19808
18880
19240
18768
18920
18440
18688
18688
18304
18328
18352
18200
18048
18224
18088
17984
17808
17632
17632
17520
17480
17424
17360
17136
16888
17200
18104
17296
16872
16912
16648
16608
16504
16608
16472
16536
17576
16272
15592
16208
15928
16584
17080
15232
15528
15448
16240
16112
15064
15088
15280
14808
15032
15064
13952
14856
13056
14664
14296
14664
14304
14312
14096
13976
13512
13776
13568
14360
13344
13384
13144
13200
13752
13008
13520
11464
12320
12904
12784
12328
12440
12544
12408
12464
11976
12040
11800
11664
11896
11496
11552
11520
11232
11200
10896
11032
11192
11888
10512
10592
10736
10344
10264
10208
10112
10112
10232
10592
9840
10160
9000
9424
9144
8760
10056
9200
9072
10040
8720
8120
8680
8584
8536
8048
8152
8184
7872
8168
7456
7672
7784
8912
7816
7296
7240
6744
6856
6856
6776
6784
6312
6352
6648
6560
7368
5280
6096
5960
6200
5800
5928
4512
5864
5608
5456
5232
5248
5704
5720
5192
4704
4688
4976
5560
3992
5024
4344
4680
4632
4672
4392
4888
4328
4336
4200
4216
3888
3792
4832
3840
4000
3728
3608
3984
3576
3760
3160
3464
3184
3640
3192
2856
2968
3224
2560
2960
3064
3544
3168
2832
2960
2960
2808
2696
2328
3464
2472
3160
2016
2504
2496
2424
2232
2792
2472
2512
2920
2088
1784
2152
2128
1760
2104
2080
2128
2096
1840
1624
2528
1976
2208
1944
1912
1904
2000
1888
1824
1760
2000
1760
2344
1424
1832
1896
1592
2144
1592
1528
1584
1544
1320
1888
1432
1480
1504
1856
1592
2024
1752
1200
1184
1344
1512
1344
1376
1576
1528
1448
1440
1552
1448
1416
1000
1328
1488
1392
1344
1304
1504
1272
1024
1368
1496
1288
1816
872
880
1192
1272
1208
1528
1584
968
1464
1056
1384
1928
1600
1304
1232
1600
1480
952
1288
1264
1712
1144
1224
1272
1384
1536
1184
1504
1120
1088
1288
1504
1296
1152
880
1208
1184
1528
1112
1160
992
1352
1352
1216
1296
1168
1264
1360
1088
1256
1576
1376
1496
1136
840
1368
1632
1200
1280
1200
1096
1832
1368
1128
1272
1480
1384
1200
1328
1288
1120
1352
1288
1160
1280
1192
1456
1256
1192
1392
1320
1144
1104
1104
1056
1408
1224
1384
1240
1072
1136
1472
1280
1512
1256
1248
1432
1352
1128
1144
1248
1488
1112
1472
1192
1192
1216
1240
1392
1432
1096
1232
1160
1352
2240
1416
1176
912
1032
2336
1664
1408
1256
1728
1224
1224
1136
1000
1248
1048
1504
1120
1488
1056
1064
1360
1624
1440
1040
1112
1328
1312
1560
1440
1240
1480
1552
1528
1160
984
1384
1472
