464
440
464
456
464
456
632
1944
3272
4232
5128
4928
5600
5640
5896
5992
5584
6104
6264
5904
6296
6272
6408
6352
6248
6784
6632
6848
6640
6792
7088
7240
6784
6888
6072
6856
6792
7280
6992
7168
7280
7296
7232
7256
7848
7160
7480
7712
7696
7768
7672
8048
7696
7728
7616
7832
8008
8640
8456
8912
8464
8328
8160
8160
8216
8176
8056
8408
8456
8448
8184
9232
8344
8520
8544
8648
8880
8976
8760
9720
9024
8872
9008
9904
9096
9520
9296
7888
9424
9552
9816
8848
9768
9528
9904
10032
9872
10416
9984
10424
10064
10648
10216
11024
10368
10400
9304
10528
10576
10976
10632
11944
11112
10160
10360
10832
11144
10688
11400
11680
11200
11544
12600
11600
11504
11712
10896
11792
11752
12200
12016
12024
11816
12728
12656
11392
12792
12704
13296
12664
12664
13800
12696
13144
12752
12928
13080
13232
13176
13200
13544
13584
13568
13704
13312
13736
13704
13800
13104
14040
14008
14152
14200
14016
14288
14400
14416
14504
14696
13672
14536
14192
14480
15016
14784
15136
15160
15128
14856
15184
15280
15552
16128
15360
14936
15584
16392
15912
15840
15816
15664
16120
17032
16344
16080
16160
16304
16592
16408
16672
16600
16752
16808
16872
17104
17376
16920
17096
17144
17216
16128
16384
17296
17384
17472
17536
17544
17456
17688
17832
17752
18304
18112
18240
18152
18264
18344
18512
18368
18296
17880
18480
18368
18712
18896
18632
18832
18520
18872
19296
19104
19360
19640
20480
19384
19384
19176
19528
19808
19680
19752
18896
20128
20448
19744
20032
20048
20248
20608
20392
20304
20184
20504
20600
20632
20656
20800
20416
21720
21640
20928
20568
20944
20880
21120
21024
21096
21136
21344
21848
21304
21552
21728
21640
21680
21600
21536
21872
21912
21928
22008
22232
22000
22152
22168
22328
22408
22440
23424
22552
22472
22416
22648
22592
22880
22920
22888
22848
22976
22992
23096
23120
22832
23312
23192
21792
22504
23376
23352
23176
23360
23496
23480
23712
23560
25000
22720
23688
23832
23784
23744
23864
23848
23904
24136
24016
23968
24048
24208
24072
24496
24528
23824
23776
24328
24464
24440
24656
24080
24608
24032
24816
24624
24752
24816
24224
24832
24408
25808
24984
25040
25032
24896
25128
25312
25064
25144
25168
25376
25104
24208
25568
25272
25232
25424
25800
25576
25472
26024
26240
25424
25544
24592
25520
25024
25032
26432
25720
26032
26144
25904
26400
25896
26288
26832
26024
26064
26088
25984
25920
25984
26272
26208
26232
26232
26280
26464
26368
26224
26088
26128
26536
26776
26424
26552
26272
26480
26600
26680
26504
26544
27168
26928
26672
26760
25904
26752
26640
26936
27176
26920
27192
26792
26872
27096
26864
26920
27024
26328
27120
27032
27032
26960
27248
27096
27208
27168
27328
27128
27232
27696
27784
27136
26680
27864
28296
27472
27408
27376
27448
27440
27584
27520
27256
27560
27176
26976
27656
27568
27280
28064
27752
27728
27704
28056
27864
27944
28112
27888
27752
27832
27832
27944
27784
28064
28064
28056
28264
28096
28392
27960
28104
27352
28304
28032
28040
28120
27344
28616
28280
29032
28432
28472
28208
28472
28584
29736
29488
28336
28888
28448
28704
29304
28568
28504
28056
28448
28416
28808
28504
28712
28608
28776
28928
28680
28976
29024
29152
29064
28824
28816
29064
29024
29120
28920
29232
29024
29160
29064
28992
29016
29024
29328
28984
29336
28968
29120
29008
28992
29008
28960
29616
29184
29240
28976
29024
29040
28944
28976
28552
28824
28856
30096
28984
28456
28888
28680
29376
29616
28848
29016
28904
28360
28680
28744
28760
28560
28608
28328
28688
28096
28304
28600
28472
28400
28376
27408
28368
28792
28904
28096
28008
28056
27824
28232
27952
27944
28136
27720
26360
27304
27520
27608
27504
27184
27352
27184
25896
26928
27480
26920
26888
26672
26080
26504
26504
26136
25600
25992
25864
26280
26280
25944
26432
25640
25696
25576
26720
25752
25048
25520
25248
25160
25808
24896
26360
24744
24664
24560
24528
24456
24224
24024
24664
24736
23864
23768
23800
23392
23352
23608
23256
23176
23000
22928
23080
22584
22816
22560
22416
22456
22424
22184
22440
22152
22024
22104
21904
21744
21760
21328
21224
21944
21416
21088
21544
21080
19976
20768
20768
20640
20472
20440
20320
20608
20016
19664
20000
19808
19736
18712
18104
19376
19488
19760
19384
19376
19160
19400
18816
18688
18680
18680
18472
18224
18360
19632
18112
19248
17840
18280
18008
17896
17552
18144
18240
17432
17512
16992
16640
16320
16120
16672
18008
15744
16600
16272
16184
16392
16016
15760
17120
15704
15528
15456
15432
15432
16616
16336
14992
15064
14768
14792
13480
14256
14528
14648
13880
14288
14040
14280
12672
13792
13368
13704
11952
13328
12848
13368
13312
12992
12664
12688
12712
13240
12568
11696
12632
12200
12112
11688
11840
11552
11952
11520
11248
11488
11456
11032
10984
10856
10704
10088
11208
11280
10376
10120
10040
10024
9736
9392
8888
9744
9600
9304
9584
8728
9160
8520
9016
8856
8816
9560
7168
8584
8232
8424
7984
8000
7232
7752
7704
7504
7464
7416
7368
7352
7840
7008
6424
6808
6648
7136
5648
6712
6680
5792
6608
5800
5160
6016
6096
5672
5536
5144
5648
5120
5024
5232
5472
4848
5168
5152
5104
4632
4944
4832
4240
4656
4632
4536
4600
4408
3672
4144
4144
3952
4544
4192
4000
3904
3936
3760
4024
4296
4328
3560
3664
3552
3520
3656
4504
3784
3000
3112
3264
2816
3376
2896
3064
2936
3320
2920
2552
2848
2656
2800
2528
2976
2576
3056
2528
2496
2664
2536
2656
2040
2512
2424
2360
2072
2104
2056
2872
2128
2064
1968
2128
2192
2088
2104
2256
2304
2000
1472
2016
2296
1992
2400
2008
1832
2008
1848
1896
1696
1712
1840
1784
2040
1848
1544
1480
1664
1608
1216
1872
1888
1848
1256
1408
1992
1768
1416
1160
1696
1184
1320
1640
1824
1384
1384
1624
1512
1432
1432
1416
1808
1528
1168
1352
1512
1408
1336
1472
1672
1432
1432
1264
1776
1688
1296
1608
1424
1144
2304
1648
1344
1264
1160
1160
1256
1472
1576
1304
1024
1408
1440
1336
1400
1736
1072
1240
1216
1656
1208
1280
1256
1336
1144
1400
