456
456
456
448
448
480
1808
3832
5696
7624
7976
8736
9208
9008
9312
10088
9264
10232
10512
10520
10336
10536
10848
10624
10752
10656
10552
10576
10752
10648
10808
10800
10760
10112
11016
11016
11424
11240
11096
11296
11288
11464
11712
11712
11376
11760
11784
11904
11816
12880
11672
11888
11960
11968
12360
12152
11760
12488
11032
11240
12200
12240
11704
12928
12840
12616
12320
12832
12784
12896
12896
12968
13016
13144
13480
14216
13936
13504
12536
13448
13784
13672
13176
13624
13616
13816
13832
13952
14368
13976
14096
13904
14112
14328
13904
13296
14216
14392
13888
14776
14560
14520
13856
15032
14976
14928
14216
15336
15728
14952
16184
15576
15008
15192
15296
15624
14952
15680
15352
15528
15792
16096
15816
16080
15824
16736
15920
16472
16008
16320
16120
16424
16472
16504
16440
16592
16456
16912
16960
16864
16568
17640
16776
17064
16400
16968
17328
17056
17376
17184
17272
16504
17688
17392
17608
16696
17200
18504
17816
17816
17856
17928
17624
17640
17720
18136
18640
18040
17720
18248
18528
18224
18040
17816
18768
18872
18656
19224
19088
19384
18296
18520
19312
20120
19064
19032
19216
19248
19200
19144
19336
18976
19032
18040
20592
19872
20552
19424
20112
19560
19584
19664
20016
19840
20216
19880
19616
20080
20072
20544
19328
21088
19936
20376
20424
20488
20064
20872
19304
20808
20592
20488
20464
20728
20936
20464
20760
20784
21024
22192
20944
20968
20760
20312
21136
21024
21280
21144
20648
21336
21528
21768
21200
21952
21456
21232
21264
21976
21432
21712
21512
21568
21648
21912
21712
21880
21704
22144
22128
22104
21800
22080
21976
22040
22144
20800
22288
21208
22272
22256
22248
22440
21480
21368
22440
22296
22976
22264
22720
22304
22688
22808
22848
22808
22696
22800
22800
22760
22656
23152
22992
24136
22984
23088
23288
23672
22672
23424
23160
23384
23384
23512
23320
23296
23232
22720
23584
22416
23424
23480
24560
23584
23432
23864
23552
22984
24272
23560
23880
23824
23240
24600
23872
23968
23856
24176
23240
24152
24032
23056
24256
24192
24432
24016
24168
25416
24384
24616
24592
24448
24192
24440
24464
24360
24296
25208
24376
24360
24608
24616
24528
23776
24600
25104
25224
24248
24840
24784
24448
24952
24984
24912
24968
24592
25176
25472
25160
25232
25264
25152
25296
24928
25120
25008
25208
25064
25320
25408
25480
25440
24680
25568
25216
23952
25432
25624
25632
25472
25528
25632
25640
25256
25632
25536
25688
25672
25656
25944
25536
25624
26256
25688
25680
26040
25784
25640
25512
26808
25752
25760
25600
25800
25768
26736
25568
25608
25800
25752
25072
25664
25616
26168
25408
25600
25624
25696
25584
26696
25336
25568
25728
26088
26480
25712
26096
25656
25608
25560
25440
25496
24944
25448
25424
25552
25048
25816
26624
25408
25352
25664
25264
25288
24264
25200
25032
25272
24416
24752
24960
24976
24912
25304
24912
24968
24880
24968
24776
24744
25568
24464
24592
25376
25520
24688
23888
24328
24472
24368
24968
23520
24408
25448
23920
23824
24136
23792
23464
24000
23504
23832
23504
23664
23856
23776
23120
23488
23328
23176
23368
23136
22912
22928
22448
23640
23064
22656
22856
22808
22496
22472
21720
22456
22408
22416
22128
22544
21856
23032
21584
21776
21560
20680
21600
21400
21152
21336
21368
20912
21096
20152
20840
20688
20752
20392
20672
21440
20184
20528
20160
20184
20088
19784
19272
19696
19904
19200
19472
19568
19592
19904
19328
19128
19200
19504
19016
19056
18992
19160
18448
17984
17992
18384
18560
18240
18264
18424
19536
18392
17752
18104
18144
17720
17376
17672
18992
17760
17568
17528
17136
17064
17056
16568
16936
17008
17104
16888
16160
16496
16592
17024
16232
15448
16624
17208
16136
16048
15880
15968
15872
15720
16816
15272
15408
15208
15088
14768
14928
15224
15072
14920
14832
14856
14760
14552
14856
14592
14248
14648
14760
14456
13824
14472
15192
12928
13296
13888
13392
13496
14104
13688
13384
13408
13296
13256
12352
12560
12504
12848
12720
12704
12480
11864
12376
12072
12328
12272
12104
12072
12000
11552
11904
11592
11464
11440
11488
11304
11040
11112
11240
10752
10872
11064
10536
11504
10320
10376
10200
10048
11120
9816
9664
9760
9616
9376
9256
9184
9368
9168
8800
9248
8136
8648
8208
8848
8736
8880
8016
8160
8264
8240
8464
7688
7872
6984
6616
7808
7096
7288
7224
7360
7088
6664
6904
6256
7224
6432
6544
6624
6432
6104
6184
6040
6928
5968
6144
5368
5904
5056
5888
5072
5344
5480
4672
6440
5512
5632
5392
4664
5000
5088
5032
4680
5104
4680
4200
4200
4536
4296
4448
4248
5056
4240
3976
5112
3912
4040
3656
3888
3672
3808
3760
3376
3904
3936
3720
3128
2840
3480
2720
3152
2984
3272
3360
3232
3200
2856
3064
2784
3080
3064
2232
2264
3040
2640
2536
2472
2448
2520
2576
2000
2480
1968
2744
2384
2392
2280
2352
2632
2176
2024
2528
2080
2304
2240
2200
1896
1832
2312
2240
2208
1680
1744
2032
1968
1456
2144
1936
2080
1464
1792
1288
1816
1552
1888
2304
1392
1808
1896
1408
1984
1560
1496
1344
1600
1520
1496
1784
1528
1360
1704
1784
1352
1448
1424
1256
1320
1440
1584
1544
1672
1384
1424
1400
1616
1672
1488
1144
1360
1512
1552
1520
1208
1664
1336
928
1472
1264
1280
1240
1104
1104
1256
1472
880
1232
1072
1312
1016
1008
1176
1336
1024
1368
1128
1648
1432
1216
1048
1336
1392
1152
1352
1016
1064
1256
1136
1912
912
992
1504
1192
1048
1384
1264
1008
1472
1304
1368
1400
1240
1232
1248
1376
1104
1320
1312
880
1088
1000
1280
928
976
1408
1304
1328
928
1064
1200
1312
952
832
1400
1464
1192
1312
1360
1216
896
1000
1144
1304
1192
1528
1232
1032
1456
992
1264
1160
1248
1392
1288
904
1176
1184
1104
760
816
1160
1320
904
1392
1544
1272
1144
1936
1288
1104
1272
1808
1016
1232
1400
1072
1400
1312
1112
1296
1296
1528
1192
976
1360
1592
1368
1176
1200
1376
1400
1016
1160
1224
1416
1536
1360
1376
1136
1368
1272
1168
1400
1400
1456
1032
1264
1088
1040
1400
1144
1920
