456
448
456
456
456
1248
3600
5896
7776
9056
10272
10448
11032
11792
11872
11976
12096
11832
12600
12496
12304
13344
13840
12808
12936
13480
12448
12960
13880
13144
13312
13392
12496
12376
13456
14432
13944
13816
13128
13392
13976
13744
14080
14288
13640
14208
14152
14240
14544
13920
14560
14664
14144
14656
14392
14848
14776
14360
14736
15200
15176
15168
14904
15968
16152
15000
15360
16072
15472
15688
15424
14912
15824
16888
15896
15728
15856
16184
17352
16304
16368
16800
16120
16664
16360
16488
17568
16728
16776
17024
16824
17736
16880
17032
16656
17680
17096
17416
17176
18144
17288
17416
17376
17696
17656
17584
17920
18944
17800
18152
17848
17984
19064
18368
17896
19072
18536
18488
18456
18664
18752
18840
18752
19032
18904
19240
19896
18992
18600
19288
19192
19432
19592
19856
19408
19888
19464
19480
20056
20952
19824
19688
20000
20560
19488
20184
20144
20464
20656
20584
20408
20696
20616
20840
21896
21016
20808
21000
21344
21312
21032
21408
21120
21544
21344
21640
21408
21704
21424
21744
21320
21816
21032
21712
21952
22136
22000
22072
22104
22576
22560
21424
22256
22440
22616
23328
22712
22144
22688
22656
23128
23504
22568
22960
23064
23184
23032
23224
23456
23040
23176
23128
23200
23728
24288
22760
23688
24400
24488
23232
23712
23784
24000
23856
23968
23312
23392
24152
24904
23216
23952
24360
22600
24616
24584
24600
25304
24384
24712
25528
24696
24704
24824
24704
23816
25528
24768
25064
24680
25696
25336
25272
25448
24416
25040
25344
25240
25712
25648
25600
25504
25512
25352
25480
25552
25792
25904
25656
25760
25376
26088
26192
26032
25904
26376
26120
26032
26176
26336
26376
26120
26280
26288
26544
26232
26472
26488
26840
26712
26752
26616
26680
26672
26608
27336
26440
27768
26408
26696
27008
27016
26880
26520
27168
27000
26216
27144
27048
27072
27216
27592
27208
28248
27288
27760
27384
27880
27360
27680
27856
27664
27896
27880
28136
27856
28152
27800
28088
27944
27712
27952
27872
27840
28320
28280
27952
28288
28248
27920
28272
27232
29264
28304
28832
28224
29088
28464
29280
28632
27328
28736
28760
28656
28984
28696
28952
28912
28928
29024
29080
29160
29200
29176
28464
29408
29000
29216
29608
29264
29568
29448
29344
29328
28528
29552
29608
29504
30392
29520
30000
29816
29608
29600
29912
29664
29864
29000
30024
29576
29632
30040
29888
29952
29928
29888
29864
30064
28936
30448
30016
30248
30224
30200
30456
30376
30216
30144
30072
30416
30416
30376
30480
30400
30400
30304
30736
30480
29872
30496
30840
30448
30496
31480
30416
30328
29560
29328
30608
30928
30400
30616
30144
30520
30488
30616
30648
30704
30728
31024
30912
30648
30400
30464
30816
30312
30784
30752
30816
30704
30336
30672
30760
31576
31336
30408
30712
30312
30744
31472
30992
29016
30776
30304
30080
30088
30600
30824
30552
30760
30496
30824
30688
30488
30480
30544
30472
30456
30448
30288
30368
30376
30152
30288
30200
30368
30200
30264
29472
30352
30264
30344
30192
29360
29744
29272
30064
30536
30360
29920
30688
30120
29984
29376
30048
29480
29680
29424
29264
30000
29984
29080
29568
29688
29456
29552
29648
29832
29488
29528
29656
29856
29376
29968
29376
29536
29384
28728
29368
29632
27888
29664
29216
29272
29152
29272
29216
28960
29496
29280
29104
29368
29200
29136
28896
28928
28632
28896
29512
28680
28848
28656
28704
28680
28088
28432
28296
28512
29488
28296
28456
28464
28208
28088
27776
28136
28152
28144
28048
27384
28848
27744
27712
27968
27696
27624
27216
27576
26816
27512
26704
27176
25984
26200
26936
27096
27296
26048
27056
26696
26648
26448
26232
25976
26192
25920
25792
25968
25416
25640
25504
25560
25272
25024
25216
25352
24872
24992
24904
24576
24176
24552
24408
24080
23696
23832
23888
23752
22728
24480
23024
23280
22440
22456
22136
22672
22600
22264
22216
21856
22280
21752
21264
21328
20888
20576
20952
20736
20016
20888
19264
20512
18872
19912
19120
19632
18784
18944
18184
18816
19152
18592
17064
18296
17600
18744
18200
16464
16504
17216
16880
16624
16704
15448
15856
16168
15856
14720
14768
14920
13744
14344
13672
14112
14392
13744
13840
13688
13328
13328
13056
13048
13360
12592
12000
12336
12088
11272
12032
10920
11992
10896
11152
10976
10760
10728
10496
10632
10312
10600
10368
10320
8584
8872
9416
9280
8944
10096
8744
9152
9408
8328
8768
8048
8160
8536
7592
7624
7528
7624
8008
7104
7176
6592
6360
6592
5840
6624
6120
6688
6272
5848
6264
5944
5848
5648
5768
6496
4696
5576
5336
5360
5168
5152
4904
5024
5216
5280
4616
4784
4552
4696
4096
3408
4648
4368
4264
4264
4128
4000
4032
3872
4376
3616
3904
3288
3784
3904
3344
3504
2840
3144
2864
3488
3736
3024
3008
3136
3624
3024
2880
3184
2856
2384
2944
2952
2240
2800
2392
3152
2600
3168
2136
3040
3048
2656
2512
2408
2032
2032
2208
2456
2160
2416
2184
1864
2512
2488
2288
1872
2600
1776
2064
2048
1976
1832
1336
2952
1336
1944
1648
2000
1632
2400
1416
1696
1176
1912
1664
2256
1576
1896
1792
1680
1448
1448
1288
2448
1560
1784
1448
1648
1584
1192
1488
1752
1656
1488
1440
1104
1824
1440
1408
1592
1504
1584
1624
1240
1224
1352
1344
1096
1384
1496
1144
1192
1512
1432
1224
1432
1264
1352
1392
1192
912
1552
1488
1136
1288
1088
1400
1256
1280
1464
1504
1552
1048
1280
1336
1136
1728
1584
1392
1056
1280
1272
1232
1288
1472
1096
1248
952
856
1464
1432
840
1432
1488
1448
1280
1872
1232
1720
1200
864
1248
1528
928
1176
1032
1256
1056
1160
1248
1224
1480
808
1384
1608
1128
1192
1256
1696
968
1232
984
1312
1368
1552
1280
1328
944
1144
1136
1296
1736
928
1288
1192
1672
1288
1168
1288
1416
1592
1376
1048
1560
1672
1232
1136
1072
1400
1104
1360
1472
984
1288
1176
1264
1232
1256
1136
1456
1168
1488
1912
1144
1616
1688
1320
968
1352
1240
1200
1680
1328
1600
1144
1536
1544
1240
1088
1136
1400
1344
1216
1176
1200
1464
1632
2160
1160
1128
1128
1648
1440
1232
1896
1648
1520
